3679  sz300415  300415     伊之密    17.45         0.06          0.345    17.45   
3680  sz300416  300416    苏试试验    22.63        -0.08         -0.352    22.63   
3681  sz300417  300417    南华仪器     9.85        -1.02         -9.384     9.84   
3682  sz300418  300418    昆仑万维    20.88         0.76          3.777    20.87   
3683  sz300419  300419    浩丰科技     5.55        -0.25         -4.310     5.55   
3684  sz300420  300420    五洋停车     4.58        -0.08         -1.717     4.58   
3685  sz300421  300421    力星股份     6.83         0.10          1.486     6.83   
3686  sz300422  300422     博世科     8.75         0.16          1.863     8.74   
3687  sz300423  300423    昇辉科技    10.62         0.05          0.473    10.62   
3688  sz300424  300424    航新科技    11.41        -0.41         -3.469    11.40   
3689  sz300425  300425    中建环能     3.93        -0.02         -0.506     3.93   
3690  sz300426  300426    唐德影视     6.60         1.10         20.000     6.60   
3691  sz300427  300427    红相股份    13.86        -0.60         -4.149    13.86   
3692  sz300428  300428    四通新材    11.22        -0.01         -0.089    11.22   
3693  sz300429  300429    强力新材    10.60        -0.05         -0.469    10.60   
3694  sz300430  300430     诚益通     6.73        -0.13         -1.895     6.73   
3695  sz300432  300432    富临精工     9.96         0.12          1.220     9.95   
3696  sz300433  300433    蓝思科技    30.49         0.37          1.228    30.48   
3697  sz300434  300434    金石亚药     7.51         0.13          1.762     7.50   
3698  sz300435  300435    中泰股份    10.24        -0.18         -1.727    10.24   
3699  sz300436  300436     广生堂    32.75        -0.73         -2.180    32.75   
3700  sz300437  300437     清水源     6.95         0.22          3.269     6.94   
3701  sz300438  300438    鹏辉能源    19.20         0.05          0.261    19.19   
3702  sz300439  300439    美康生物    17.03         0.10          0.591    17.03   
3703  sz300440  300440    运达科技     6.13        -0.06         -0.969     6.12   
3704  sz300441  300441    鲍斯股份    10.15        -0.03         -0.295    10.15   
3705  sz300442  300442     普丽盛    34.70        -0.93         -2.610    34.67   
3706  sz300443  300443    金雷股份    36.96         2.92          8.578    36.95   
3707  sz300444  300444    双杰电气     4.40        -0.04         -0.901     4.40   
3708  sz300445  300445     康斯特    10.79         0.01          0.093    10.79   
3709  sz300446  300446    ST乐凯     6.09        -0.28         -4.396     6.09   
3710  sz300447  300447    全信股份    10.75        -0.19         -1.737    10.75   
3711  sz300448  300448    浩云科技     5.98         0.00          0.000     5.97   
3712  sz300449  300449    汉邦高科     7.68        -0.16         -2.041     7.68   
3713  sz300450  300450    先导智能    95.99         2.69          2.883    95.98   
3714  sz300451  300451    创业慧康    10.98        -0.36         -3.175    10.97   
3715  sz300452  300452    山河药辅    14.96         0.02          0.134    14.96   
3716  sz300453  300453    三鑫医疗    17.44         0.02          0.115    17.44   
3717  sz300454  300454     深信服   308.90        23.47          8.223   308.52   
3718  sz300455  300455    康拓红外     8.89         0.01          0.113     8.89   
3719  sz300456  300456    赛微电子    19.49         0.05          0.257    19.49   
3720  sz300457  300457    赢合科技    19.57         0.01          0.051    19.56   
3721  sz300458  300458    全志科技    30.31         1.40          4.843    30.31   
3722  sz300459  300459    金科文化     3.78         0.07          1.887     3.78   
3723  sz300460  300460    惠伦晶体    12.27        -0.52         -4.066    12.27   
3724  sz300461  300461    田中精机    24.73         4.12         19.990    24.73   
3725  sz300462  300462    华铭智能    13.58        -0.03         -0.220    13.58   
3726  sz300463  300463    迈克生物    39.90        -0.48         -1.189    39.90   
3727  sz300464  300464    星徽股份    13.49        -0.15         -1.100    13.49   
3728  sz300465  300465     高伟达     7.49        -0.06         -0.795     7.49   
3729  sz300466  300466    赛摩智能     4.67        -0.11         -2.301     4.67   
3730  sz300467  300467    迅游科技    11.70        -0.22         -1.846    11.69   
3731  sz300468  300468    四方精创    15.25        -0.01         -0.066    15.25   
3732  sz300469  300469    信息发展     9.06        -0.04         -0.440     9.06   
3733  sz300470  300470    中密控股    50.20         3.79          8.166    50.20   
3734  sz300471  300471    厚普股份     8.06        -0.08         -0.983     8.05   
3735  sz300472  300472    新元科技     8.75         0.04          0.459     8.74   
3736  sz300473  300473    德尔股份    16.18        -0.27         -1.641    16.18   
3737  sz300474  300474     景嘉微    75.35         5.35          7.643    75.34   
3738  sz300475  300475    聚隆科技    12.18         0.33          2.785    12.17   
3739  sz300476  300476    胜宏科技    19.88        -0.22         -1.095    19.87   
3740  sz300477  300477    合纵科技     4.15        -0.03         -0.718     4.14   
3741  sz300478  300478    杭州高新     7.07        -0.18         -2.483     7.03   
3742  sz300479  300479    神思电子     9.92        -0.03         -0.302     9.92   
3743  sz300480  300480    光力科技    11.94        -0.87         -6.792    11.93   
3744  sz300481  300481    濮阳惠成    19.95         0.01          0.050    19.94   
3745  sz300482  300482    万孚生物    85.87        -2.94         -3.310    85.85   
3746  sz300483  300483    首华燃气    31.68        -0.51         -1.584    31.68   
3747  sz300484  300484    蓝海华腾    10.74        -0.06         -0.556    10.73   
3748  sz300485  300485    赛升药业    11.33        -0.18         -1.564    11.33   
3749  sz300486  300486    东杰智能    16.30         0.38          2.387    16.29   
3750  sz300487  300487    蓝晓科技    41.03         2.12          5.448    41.02   
3751  sz300488  300488    恒锋工具    13.54        -0.16         -1.168    13.54   
3752  sz300489  300489    中飞股份    20.14        -2.89        -12.549    20.13   
3753  sz300490  300490    华自科技     7.48        -0.24         -3.109     7.47   
3754  sz300491  300491    通合科技    11.44        -0.33         -2.804    11.43   
3755  sz300492  300492    华图山鼎    48.55         0.20          0.414    48.55   
3756  sz300493  300493    润欣科技     5.64        -0.04         -0.704     5.64   
3757  sz300494  300494    盛天网络    11.06        -0.63         -5.389    11.05   
3758  sz300495  300495    美尚生态     4.90        -0.13         -2.584     4.90   
3759  sz300496  300496    中科创达   143.50         8.00          5.904   143.48   
3760  sz300497  300497    富祥药业    11.69        -0.07         -0.595    11.68   
3761  sz300498  300498    温氏股份    17.35         0.41          2.420    17.35   
3762  sz300499  300499    高澜股份     8.25        -0.31         -3.621     8.24   
3763  sz300500  300500    启迪设计     9.98        -0.19         -1.868     9.98   
3764  sz300501  300501    海顺新材    14.56        -0.32         -2.151    14.55   
3765  sz300502  300502     新易盛    47.66         0.88          1.881    47.65   
3766  sz300503  300503    昊志机电     9.34        -0.11         -1.164     9.34   
3767  sz300504  300504    天邑股份    14.01         0.09          0.647    14.01   
3768  sz300505  300505     川金诺    16.88         0.30          1.809    16.87   
3769  sz300506  300506     名家汇     4.02        -0.09         -2.190     4.02   
3770  sz300507  300507    苏奥传感    11.55         0.84          7.843    11.55   
3771  sz300508  300508    维宏股份    17.71         0.16          0.912    17.71   
3772  sz300509  300509     新美星     5.14        -0.16         -3.019     5.14   
3773  sz300510  300510    金冠股份     4.52        -0.05         -1.094     4.52   
3774  sz300511  300511    雪榕生物     9.34        -0.01         -0.107     9.34   
3775  sz300512  300512    中亚股份    10.24         0.15          1.487    10.24   
3776  sz300513  300513    恒实科技     8.38        -0.24         -2.784     8.37   
3777  sz300514  300514     友讯达     8.26        -0.22         -2.594     8.26   
3778  sz300515  300515    三德科技     8.21        -0.18         -2.145     8.20   
3779  sz300516  300516     久之洋    24.48        -0.45         -1.805    24.48   
3780  sz300517  300517    海波重科    15.81        -1.03         -6.116    15.81   
3781  sz300518  300518     盛讯达    36.85        -2.00         -5.148    36.83   
3782  sz300519  300519    新光药业    13.32         0.17          1.293    13.30   
3783  sz300520  300520    科大国创    15.07        -0.25         -1.632    15.07   
3784  sz300521  300521     爱司凯    15.51        -0.12         -0.768    15.51   
3785  sz300522  300522    世名科技    25.82         1.82          7.583    25.80   
3786  sz300523  300523    辰安科技    24.98         0.87          3.608    24.98   
3787  sz300525  300525    博思软件    25.18         1.23          5.136    25.18   
3788  sz300526  300526    中潜股份    73.30        -1.69         -2.254    73.03   
3789  sz300527  300527    中船应急     7.42        -0.25         -3.259     7.42   
3790  sz300528  300528    幸福蓝海     5.69         0.37          6.955     5.69   
3791  sz300529  300529    健帆生物    92.50         1.96          2.165    92.49   
3792  sz300530  300530    达志科技    15.05        -0.53         -3.402    15.03   
3793  sz300531  300531     优博讯    12.75         0.14          1.110    12.74   
3794  sz300532  300532    今天国际     8.19        -0.03         -0.365     8.18   
3795  sz300533  300533    冰川网络    19.20        -0.07         -0.363    19.20   
3796  sz300534  300534    陇神戎发     5.16         0.30          6.173     5.16   
3797  sz300535  300535    达威股份    11.44        -0.12         -1.038    11.44   
3798  sz300536  300536    农尚环境    13.03         0.25          1.956    13.02   
3799  sz300537  300537    广信材料    11.11        -0.37         -3.223    11.11   
3800  sz300538  300538    同益股份    16.70        -0.26         -1.533    16.70   
3801  sz300539  300539    横河模具     6.06        -0.08         -1.303     6.06   
3802  sz300540  300540    深冷股份    14.95        -0.16         -1.059    14.95   
3803  sz300541  300541    先进数通    13.26        -0.09         -0.674    13.26   
3804  sz300542  300542    新晨科技    10.83         0.06          0.557    10.83   
3805  sz300543  300543    朗科智能    12.68        -0.39         -2.984    12.67   
3806  sz300545  300545    联得装备    21.00        -0.18         -0.850    21.00   
3807  sz300546  300546    雄帝科技    11.58        -0.19         -1.614    11.58   
3808  sz300547  300547    川环科技     8.05        -0.17         -2.068     8.04   
3809  sz300548  300548    博创科技    28.52        -2.36         -7.642    28.52   
3810  sz300549  300549    优德精密    15.09        -0.50         -3.207    15.08   
3811  sz300550  300550    和仁科技    17.29        -0.67         -3.731    17.25   
3812  sz300551  300551    古鳌科技    23.93         2.99         14.279    23.92   
3813  sz300552  300552    万集科技    31.85         0.31          0.983    31.85   
3814  sz300553  300553    集智股份    24.56        -0.89         -3.497    24.56   
3815  sz300554  300554    三超新材    16.60        -0.43         -2.525    16.60   
3816  sz300555  300555    路通视信     7.29        -0.04         -0.546     7.28   
3817  sz300556  300556    丝路视觉    15.82         0.11          0.700    15.82   
3818  sz300557  300557    理工光科    21.05        -0.48         -2.229    21.00   
3819  sz300558  300558    贝达药业   140.32         7.77          5.862   140.31   
3820  sz300559  300559    佳发教育    11.00        -0.13         -1.168    10.99   
3821  sz300560  300560     中富通    12.12        -0.31         -2.494    12.12   
3822  sz300561  300561    汇金科技    12.80        -0.22         -1.690    12.80   
3823  sz300562  300562    乐心医疗    16.89         0.66          4.067    16.88   
3824  sz300563  300563    神宇股份    23.36        -0.18         -0.765    23.36   
3825  sz300564  300564    筑博设计    25.85         0.55          2.174    25.85   
3826  sz300565  300565    科信技术    13.03        -0.37         -2.761    13.03   
3827  sz300566  300566    激智科技    37.17         2.07          5.897    37.17   
3828  sz300567  300567    精测电子    52.96         1.16          2.239    52.96   
3829  sz300568  300568    星源材质    24.95         0.71          2.929    24.95   
3830  sz300569  300569    天能重工    12.43        -0.02         -0.161    12.43   
3831  sz300570  300570     太辰光    13.48        -0.02         -0.148    13.47   
3832  sz300571  300571    平治信息    31.16        -0.47         -1.486    31.16   
3833  sz300572  300572    安车检测    37.35         0.16          0.430    37.35   
3834  sz300573  300573    兴齐眼药    78.99        -0.89         -1.114    78.99   
3835  sz300575  300575    中旗股份    33.30        -0.70         -2.059    33.30   
3836  sz300576  300576    容大感光    34.74        -2.00         -5.444    34.74   
3837  sz300577  300577    开润股份    21.41        -0.19         -0.880    21.41   
3838  sz300578  300578    会畅通讯    34.18         0.67          1.999    34.18   
3839  sz300579  300579    数字认证    30.51        -0.69         -2.212    30.51   
3840  sz300580  300580     贝斯特    16.70        -0.28         -1.649    16.70   
3841  sz300581  300581    晨曦航空    34.03        -2.80         -7.602    34.03   
3842  sz300582  300582     英飞特    16.61         0.41          2.531    16.61   
3843  sz300583  300583    赛托生物    17.78        -0.37         -2.039    17.78   
3844  sz300584  300584    海辰药业    18.76         1.09          6.169    18.75   
3845  sz300585  300585    奥联电子    11.54         0.06          0.523    11.53   
3846  sz300586  300586    美联新材     7.11        -0.14         -1.931     7.10   
3847  sz300587  300587    天铁股份    12.23        -0.36         -2.859    12.23   
3848  sz300588  300588    熙菱信息     6.24        -0.21         -3.256     6.24   
3849  sz300589  300589    江龙船艇    19.92        -0.54         -2.639    19.91   
3850  sz300590  300590    移为通信    24.59         0.14          0.573    24.59   
3851  sz300591  300591     万里马     4.89        -0.07         -1.411     4.88   
3852  sz300592  300592    华凯创意    15.05         0.85          5.986    15.04   
3853  sz300593  300593     新雷能    33.00         1.55          4.928    32.99   
3854  sz300594  300594    朗进科技    20.52        -0.29         -1.394    20.52   
3855  sz300595  300595    欧普康视   116.22         1.42          1.237   116.22   
3856  sz300596  300596     利安隆    33.65        -0.67         -1.952    33.65   
3857  sz300597  300597    吉大通信     7.87        -0.11         -1.378     7.87   
3858  sz300598  300598    诚迈科技    68.30        -1.82         -2.596    68.30   
3859  sz300599  300599    雄塑科技    11.10         0.12          1.093    11.10   
3860  sz300600  300600    国瑞科技    19.22        -0.09         -0.466    19.22   
3861  sz300601  300601    康泰生物   182.60        -0.20         -0.109   182.50   
3862  sz300602  300602     飞荣达    15.55        -0.45         -2.813    15.55   
3863  sz300603  300603    立昂技术     8.32        -0.11         -1.305     8.30   
3864  sz300604  300604    长川科技    35.50         0.73          2.100    35.48   
3865  sz300605  300605    恒锋信息     9.99        -0.14         -1.382     9.99   
3866  sz300606  300606     金太阳    16.36        -0.37         -2.212    16.36   
3867  sz300607  300607     拓斯达    40.55         1.53          3.921    40.54   
3868  sz300608  300608     思特奇    10.18        -0.06         -0.586    10.18   
3869  sz300609  300609    汇纳科技    14.15         0.71          5.283    14.15   
3870  sz300610  300610    晨化股份    15.84         0.18          1.149    15.84   
3871  sz300611  300611    美力科技     7.85        -0.24         -2.967     7.84   
3872  sz300612  300612    宣亚国际    13.76        -0.49         -3.439    13.76   
3873  sz300613  300613     富瀚微   154.98        13.79          9.767   154.97   
3874  sz300615  300615    欣天科技     9.80        -0.21         -2.098     9.79   
3875  sz300616  300616    尚品宅配    79.11        -1.39         -1.727    79.11   
3876  sz300617  300617    安靠智电    40.90         2.01          5.168    40.80   
3877  sz300618  300618    寒锐钴业    86.91        -5.07         -5.512    86.91   
3878  sz300619  300619     金银河    16.76        -0.33         -1.931    16.76   
3879  sz300620  300620    光库科技    34.84        -0.16         -0.457    34.82   
3880  sz300621  300621    维业股份     7.27        -0.03         -0.411     7.27   
3881  sz300622  300622    博士眼镜    14.90         0.14          0.949    14.90   
3882  sz300623  300623    捷捷微电    39.06         0.79          2.064    39.06   
3883  sz300624  300624    万兴科技    47.13        -0.62         -1.298    47.13   
3884  sz300625  300625    三雄极光    13.82        -0.25         -1.777    13.82   
3885  sz300626  300626    华瑞股份     6.60        -0.20         -2.941     6.59   
3886  sz300627  300627    华测导航    21.66        -0.16         -0.733    21.66   
3887  sz300628  300628    亿联网络    89.45         1.17          1.325    89.33   
3888  sz300629  300629     新劲刚    17.74        -0.68         -3.692    17.74   
3889  sz300630  300630    普利制药    47.22         2.07          4.585    47.21   
3890  sz300631  300631    久吾高科    14.51        -0.26         -1.760    14.50   
3891  sz300632  300632    光莆股份    11.56        -0.37         -3.101    11.56   
3892  sz300633  300633    开立医疗    24.41         0.52          2.177    24.40   
3893  sz300634  300634    彩讯股份    14.20        -0.19         -1.320    14.19   
3894  sz300635  300635     中达安    22.32         1.35          6.438    22.32   
3895  sz300636  300636    同和药业    20.87        -0.50         -2.340    20.87   
3896  sz300637  300637    扬帆新材     7.52         0.20          2.732     7.51   
3897  sz300638  300638     广和通    55.75         1.74          3.222    55.75   
3898  sz300639  300639    凯普生物    33.91        -0.65         -1.881    33.91   
3899  sz300640  300640    德艺文创     5.78        -0.14         -2.365     5.78   
3900  sz300641  300641    正丹股份     4.90        -0.12         -2.390     4.89   
3901  sz300642  300642    透景生命    46.93         0.08          0.171    46.92   
3902  sz300643  300643    万通智控     9.43        -0.42         -4.264     9.43   
3903  sz300644  300644    南京聚隆    30.80        -1.32         -4.110    30.80   
3904  sz300645  300645    正元智慧    13.32        -0.93         -6.526    13.32   
3905  sz300647  300647     超频三     8.00        -0.26         -3.148     8.00   
3906  sz300648  300648    星云股份    32.53        -0.35         -1.064    32.53   
3907  sz300649  300649    杭州园林    11.65        -0.12         -1.020    11.65   
3908  sz300650  300650    太龙照明    16.49        -0.09         -0.543    16.49   
3909  sz300651  300651    金陵体育    42.95         0.25          0.585    42.94   
3910  sz300652  300652     雷迪克    14.81        -0.58         -3.769    14.81   
3911  sz300653  300653    正海生物    46.21         1.04          2.302    46.21   
3912  sz300654  300654    世纪天鸿     7.83         0.08          1.032     7.82   
3913  sz300655  300655    晶瑞股份    26.77         0.62          2.371    26.77   
3914  sz300656  300656    民德电子    22.41        -0.32         -1.408    22.40   
3915  sz300657  300657    弘信电子    14.94         0.11          0.742    14.93   
3916  sz300658  300658    延江股份    20.27        -0.52         -2.501    20.27   
3917  sz300659  300659    中孚信息    35.27        -0.12         -0.339    35.27   
3918  sz300660  300660    江苏雷利    16.62        -0.13         -0.776    16.61   
3919  sz300661  300661    圣邦股份   274.65         5.02          1.862   274.00   
3920  sz300662  300662    科锐国际    58.50         2.17          3.852    58.47   
3921  sz300663  300663    科蓝软件    17.19         0.02          0.116    17.19   
3922  sz300664  300664    鹏鹞环保     6.86        -0.04         -0.580     6.86   
3923  sz300665  300665    飞鹿股份     9.06        -0.05         -0.549     9.06   
3924  sz300666  300666    江丰电子    40.66         0.31          0.768    40.66   
3925  sz300667  300667    必创科技    21.65         0.16          0.745    21.65   
3926  sz300668  300668    杰恩设计    10.95        -0.36         -3.183    10.95   
3927  sz300669  300669    沪宁股份    35.75        -0.31         -0.860    35.75   
3928  sz300670  300670    大烨智能     6.87         0.08          1.178     6.86   
3929  sz300671  300671    富满电子    30.61         0.45          1.492    30.61   
3930  sz300672  300672     国科微    42.76         2.57          6.395    42.75   
3931  sz300673  300673    佩蒂股份    32.34         0.26          0.810    32.34   
3932  sz300674  300674    宇信科技    32.49         1.44          4.638    32.48   
3933  sz300675  300675     建科院    13.05        -0.27         -2.027    13.04   
3934  sz300676  300676    华大基因   157.85         0.55          0.350   157.85   
3935  sz300677  300677    英科医疗   218.65         4.35          2.030   218.65   
3936  sz300678  300678    中科信息    16.21         0.01          0.062    16.21   
3937  sz300679  300679    电连技术    28.30        -0.11         -0.387    28.30   
3938  sz300680  300680    隆盛科技    25.47        -0.28         -1.087    25.47   
3939  sz300681  300681     英搏尔    27.57        -0.43         -1.536    27.57   
3940  sz300682  300682    朗新科技    12.85         0.24          1.903    12.85   
3941  sz300683  300683    海特生物    32.42        -0.08         -0.246    32.42   
3942  sz300684  300684    中石科技    18.03        -0.23         -1.260    18.03   
3943  sz300685  300685    艾德生物    83.14         3.24          4.055    83.13   
3944  sz300686  300686     智动力    17.01         0.02          0.118    17.01   
3945  sz300687  300687    赛意信息    26.09         0.22          0.850    26.09   
3946  sz300688  300688    创业黑马    16.61         0.31          1.902    16.60   
3947  sz300689  300689    澄天伟业    30.75        -1.47         -4.562    30.75   
3948  sz300690  300690    双一科技    40.94         1.15          2.890    40.91   
3949  sz300691  300691    联合光电    10.88        -0.15         -1.360    10.83   
3950  sz300692  300692    中环环保    12.79         0.01          0.078    12.78   
3951  sz300693  300693    盛弘股份    27.18         0.43          1.607    27.18   
3952  sz300694  300694    蠡湖股份     8.32        -0.17         -2.002     8.32   
3953  sz300695  300695    兆丰股份    52.00        -2.86         -5.213    51.99   
3954  sz300696  300696     爱乐达    44.08        -0.22         -0.497    44.08   
3955  sz300697  300697    电工合金    12.72        -0.39         -2.975    12.72   
3956  sz300698  300698    万马科技    13.98        -0.02         -0.143    13.98   
3957  sz300699  300699    光威复材    86.91         1.89          2.223    86.91   
3958  sz300700  300700    岱勒新材    14.80        -0.44         -2.887    14.80   
3959  sz300701  300701    森霸传感    26.77         0.05          0.187    26.76   
3960  sz300702  300702    天宇股份    79.61        -0.86         -1.069    79.61   
3961  sz300703  300703    创源股份     9.11         0.06          0.663     9.11   
3962  sz300705  300705    九典制药    25.34        -0.26         -1.016    25.34   
3963  sz300706  300706     阿石创    17.77        -0.38         -2.094    17.77   
3964  sz300707  300707    威唐工业    12.79        -0.23         -1.767    12.79   
3965  sz300708  300708    聚灿光电    18.41        -0.52         -2.747    18.40   
3966  sz300709  300709    精研科技    40.53        -1.02         -2.455    40.53   
3967  sz300710  300710    万隆光电    27.00        -0.69         -2.492    27.00   
3968  sz300711  300711    广哈通信    12.18        -0.31         -2.482    12.17   
3969  sz300712  300712    永福股份    29.17        -1.32         -4.329    29.17   
3970  sz300713  300713     英可瑞    15.07        -0.37         -2.396    15.06   
3971  sz300715  300715    凯伦股份    39.47         1.79          4.751    39.47   
3972  sz300716  300716    国立科技     6.16        -0.16         -2.532     6.14   
3973  sz300717  300717    华信新材    12.65        -0.18         -1.403    12.64   
3974  sz300718  300718    长盛轴承    17.56         0.16          0.920    17.55   
3975  sz300719  300719    安达维尔    12.86        -0.63         -4.670    12.86   
3976  sz300720  300720    海川智能    19.39        -0.61         -3.050    19.38   
3977  sz300721  300721    怡达股份    30.02         0.28          0.941    30.02   
3978  sz300722  300722    新余国科    38.15        -0.85         -2.179    38.15   
3979  sz300723  300723     一品红    45.53         1.27          2.869    45.45   
3980  sz300724  300724    捷佳伟创   112.20        -6.46         -5.444   112.19   
3981  sz300725  300725    药石科技   193.50         5.40          2.871   193.40   
3982  sz300726  300726    宏达电子    66.19         2.11          3.293    66.19   
3983  sz300727  300727    润禾材料    24.21        -0.09         -0.370    24.21   
3984  sz300729  300729    乐歌股份    33.69        -0.57         -1.664    33.45   
3985  sz300730  300730    科创信息    15.23         0.23          1.533    15.22   
3986  sz300731  300731    科创新源    23.63        -0.15         -0.631    23.60   
3987  sz300732  300732     设研院    11.63        -0.06         -0.513    11.63   
3988  sz300733  300733    西菱动力    16.25        -0.53         -3.159    16.25   
3989  sz300735  300735    光弘科技    11.37        -0.06         -0.525    11.37   
3990  sz300736  300736    百邦科技     6.37        -0.10         -1.546     6.36   
3991  sz300737  300737    科顺股份    27.53         0.56          2.076    27.53   
3992  sz300738  300738    奥飞数据    31.93        -0.24         -0.746    31.92   
3993  sz300739  300739    明阳电路    14.72         0.17          1.168    14.70   
3994  sz300740  300740     御家汇    19.66         0.65          3.419    19.66   
3995  sz300741  300741    华宝股份    45.60         0.22          0.485    45.60   
3996  sz300742  300742    越博动力    20.28        -1.90         -8.566    20.28   
3997  sz300743  300743    天地数码    12.35        -0.34         -2.679    12.35   
3998  sz300745  300745    欣锐科技    14.49        -0.26         -1.763    14.48   
3999  sz300746  300746    汉嘉设计     9.16        -0.36         -3.782     9.15   
4000  sz300747  300747    锐科激光    90.02         2.02          2.295    90.00   
4001  sz300748  300748    金力永磁    31.85         0.13          0.410    31.85   
4002  sz300749  300749    顶固集创     8.41        -0.27         -3.111     8.41   
4003  sz300750  300750    宁德时代   404.00        30.55          8.180   403.99   
4004  sz300751  300751    迈为股份   474.79        -2.32         -0.486   474.01   
4005  sz300752  300752    隆利科技    31.95        -1.65         -4.911    31.95   
4006  sz300753  300753    爱朋医疗    24.28        -0.05         -0.206    24.25   
4007  sz300755  300755    华致酒行    22.30        -0.32         -1.415    22.29   
4008  sz300756  300756    中山金马    18.90         0.09          0.478    18.87   
4009  sz300757  300757    罗博特科    35.90        -2.28         -5.972    35.90   
4010  sz300758  300758    七彩化学    23.92         0.86          3.729    23.92   
4011  sz300759  300759    康龙化成   156.20         2.51          1.633   156.20   
4012  sz300760  300760    迈瑞医疗   487.42         4.01          0.830   487.40   
4013  sz300761  300761    立华股份    34.43         0.57          1.683    34.42   
4014  sz300762  300762    上海瀚讯    45.53        -0.45         -0.979    45.53   
4015  sz300763  300763    锦浪科技   211.20        -7.80         -3.562   211.00   
4016  sz300765  300765     新诺威    17.16         0.00          0.000    17.16   
4017  sz300766  300766    每日互动    13.54        -0.26         -1.884    13.54   
4018  sz300767  300767    震安科技    82.92        -1.10         -1.309    82.92   
4019  sz300768  300768    迪普科技    36.05        -0.83         -2.251    36.05   
4020  sz300769  300769    德方纳米   125.57        -0.83         -0.657   125.48   
4021  sz300770  300770    新媒股份    55.71         1.40          2.578    55.71   
4022  sz300771  300771    智莱科技    24.05         0.13          0.543    24.03   
4023  sz300772  300772    运达股份    16.48         0.13          0.795    16.47   
4024  sz300773  300773     拉卡拉    27.35        -0.08         -0.292    27.35   
4025  sz300775  300775    三角防务    28.45        -0.46         -1.591    28.45   
4026  sz300776  300776    帝尔激光   114.82        -2.02         -1.729   114.70   
4027  sz300777  300777    中简科技    47.98        -1.60         -3.227    47.97   
4028  sz300778  300778     新城市    21.12        -0.26         -1.216    21.12   
4029  sz300779  300779    惠城环保    14.72        -0.08         -0.541    14.72   
4030  sz300780  300780    德恩精工    13.20        -0.66         -4.762    13.20   
4031  sz300781  300781    因赛集团    24.35        -2.27         -8.527    24.35   
4032  sz300782  300782     卓胜微   648.56        11.25          1.765   648.56   
4033  sz300783  300783    三只松鼠    40.17        -0.61         -1.496    40.17   
4034  sz300785  300785     值得买    91.82         3.48          3.939    91.82   
4035  sz300786  300786    国林科技    18.98        -0.55         -2.816    18.98   
4036  sz300787  300787    海能实业    30.98        -0.22         -0.705    30.97   
4037  sz300788  300788    中信出版    39.21         0.40          1.031    39.17   
4038  sz300789  300789    唐源电气    37.19        -0.92         -2.414    37.18   
4039  sz300790  300790    宇瞳光学    18.63         0.46          2.532    18.62   
4040  sz300791  300791    仙乐健康   106.78         3.31          3.199   106.78   
4041  sz300792  300792    壹网壹创   104.93        -1.46         -1.372   104.93   
4042  sz300793  300793    佳禾智能    14.50        -0.42         -2.815    14.50   
4043  sz300795  300795    米奥会展    16.65         0.04          0.241    16.65   
4044  sz300796  300796     贝斯美    14.80        -0.23         -1.530    14.80   
4045  sz300797  300797    钢研纳克    13.24        -0.26         -1.926    13.24   
4046  sz300798  300798    锦鸡股份     8.39        -0.20         -2.328     8.38   
4047  sz300799  300799    左江科技    39.61        -0.14         -0.352    39.61   
4048  sz300800  300800    力合科技    25.25        -0.77         -2.959    25.21   
4049  sz300801  300801    泰和科技    19.60        -0.30         -1.508    19.60   
4050  sz300802  300802    矩子科技    39.77         0.81          2.079    39.76   
4051  sz300803  300803     指南针    27.90        -0.39         -1.379    27.89   
4052  sz300805  300805    电声股份    14.67        -0.15         -1.012    14.67   
4053  sz300806  300806     斯迪克    50.13        -2.86         -5.397    50.13   
4054  sz300807  300807    天迈科技    24.23        -1.12         -4.418    24.20   
4055  sz300808  300808    久量股份    12.33        -0.38         -2.990    12.32   
4056  sz300809  300809    华辰装备    14.10        -0.05         -0.353    14.10   
4057  sz300810  300810    中科海讯    29.74        -0.25         -0.834    29.74   
4058  sz300811  300811    铂科新材    57.21         0.41          0.722    57.21   
4059  sz300812  300812    易天股份    29.99        -0.86         -2.788    29.98   
4060  sz300813  300813    泰林生物    40.01        -1.15         -2.794    40.00   
4061  sz300815  300815     玉禾田    76.85        -2.13         -2.697    76.84   
4062  sz300816  300816     艾可蓝    68.60        -4.18         -5.743    68.60   
4063  sz300817  300817    双飞股份    20.70        -0.67         -3.135    20.70   
4064  sz300818  300818    耐普矿机    24.34        -0.65         -2.601    24.34   
4065  sz300819  300819    聚杰微纤    24.64        -0.78         -3.068    24.64   
4066  sz300820  300820    英杰电气    33.03        -0.99         -2.910    33.02   
4067  sz300821  300821    东岳硅材     9.09         0.14          1.564     9.09   
4068  sz300822  300822    贝仕达克    37.49        -0.20         -0.531    37.40   
4069  sz300823  300823    建科机械    24.40        -0.09         -0.367    24.40   
4070  sz300824  300824    北鼎股份    20.07        -0.69         -3.324    20.06   
4071  sz300825  300825     阿尔特    21.44        -0.56         -2.545    21.42   
4072  sz300826  300826    测绘股份    25.02        -0.14         -0.556    25.02   
4073  sz300827  300827    上能电气    53.85        -2.81         -4.959    53.81   
4074  sz300828  300828    锐新科技    27.63         0.13          0.473    27.63   
4075  sz300829  300829    金丹科技    95.35        -1.90         -1.954    95.35   
4076  sz300830  300830     金现代    10.01        -0.19         -1.863    10.01   
4077  sz300831  300831    派瑞股份    14.01        -0.07         -0.497    14.01   
4078  sz300832  300832     新产业   122.26         9.14          8.080   122.26   
4079  sz300833  300833    浩洋股份    37.87        -1.43         -3.639    37.87   
4080  sz300835  300835    龙磁科技    46.46        -0.78         -1.651    46.45   
4081  sz300836  300836    佰奥智能    38.84        -1.08         -2.705    38.84   
4082  sz300837  300837    浙矿股份    40.20        -0.80         -1.951    40.20   
4083  sz300838  300838    浙江力诺    15.46        -0.22         -1.403    15.46   
4084  sz300839  300839    博汇股份    20.15        -0.85         -4.048    20.14   
4085  sz300840  300840    酷特智能    12.92         0.04          0.311    12.92   
4086  sz300841  300841    康华生物   495.60        27.60          5.897   495.56   
4087  sz300842  300842    帝科股份    44.18         0.03          0.068    44.18   
4088  sz300843  300843    胜蓝股份    22.90        -0.75         -3.171    22.88   
4089  sz300845  300845    捷安高科    24.18        -0.81         -3.241    24.18   
4090  sz300846  300846    首都在线    23.85        -1.23         -4.904    23.85   
4091  sz300847  300847    中船汉光    18.57        -1.06         -5.400    18.57   
4092  sz300848  300848    美瑞新材    52.50        -0.67         -1.260    52.50   
4093  sz300849  300849    锦盛新材    19.15        -0.62         -3.136    19.15   
4094  sz300850  300850     新强联   145.98         0.97          0.669   145.98   
4095  sz300851  300851    交大思诺    32.89        -1.11         -3.265    32.71   
4096  sz300852  300852    四会富仕    69.10         0.83          1.216    69.08   
4097  sz300853  300853    申昊科技    49.10        -1.23         -2.444    49.10   
4098  sz300855  300855    图南股份    33.88        -1.58         -4.456    33.86   
4099  sz300856  300856    科思股份    46.95        -0.91         -1.901    46.94   
4100  sz300857  300857    协创数据    23.68        -0.13         -0.546    23.67   
4101  sz300858  300858    科拓生物    58.38         0.57          0.986    58.38   
4102  sz300859  300859    西域旅游    17.58         0.61          3.595    17.58   
4103  sz300860  300860    锋尚文化   126.10         1.56          1.253   126.10   
4104  sz300861  300861    美畅股份    53.73        -1.00         -1.827    53.70   
4105  sz300862  300862    蓝盾光电    34.98        -0.35         -0.991    34.98   
4106  sz300863  300863     卡倍亿    87.03        -4.08         -4.478    87.03   
4107  sz300864  300864    南大环境    78.08        -1.97         -2.461    78.08   
4108  sz300865  300865     大宏立    31.82        -1.38         -4.157    31.82   
4109  sz300866  300866    安克创新   167.99        -0.80         -0.474   167.98   
4110  sz300867  300867    圣元环保    26.20        -1.61         -5.789    26.20   
4111  sz300868  300868     杰美特    33.56        -2.02         -5.677    33.56   
4112  sz300869  300869    康泰医学    89.19        -1.11         -1.229    89.19   
4113  sz300870  300870     欧陆通    54.01        -2.06         -3.674    54.01   
4114  sz300871  300871    回盛生物    43.99        -1.45         -3.191    43.97   
4115  sz300872  300872    天阳科技    31.08        -2.05         -6.188    31.08   
4116  sz300873  300873    海晨股份    40.33        -1.42         -3.401    40.33   
4117  sz300875  300875    捷强装备    67.89        -2.00         -2.862    67.89   
4118  sz300876  300876    蒙泰高新    33.40         0.12          0.361    33.39   
4119  sz300877  300877    金春股份    41.39        -2.42         -5.524    41.39   
4120  sz300878  300878    维康药业    45.12        -1.27         -2.738    45.12   
4121  sz300879  300879    大叶股份    26.86        -3.64        -11.934    26.86   
4122  sz300880  300880    迦南智能    29.83        -1.08         -3.494    29.83   
4123  sz300881  300881    盛德鑫泰    25.98        -1.52         -5.527    25.96   
4124  sz300882  300882    万胜智能    22.35        -2.71        -10.814    22.35   
4125  sz300883  300883     龙利得    12.23        -0.78         -5.995    12.23   
4126  sz300884  300884     狄耐克    37.84        -3.12         -7.617    37.84   
4127  sz300885  300885    海昌新材    28.83        -1.22         -4.060    28.81   
4128  sz300886  300886    华业香料    41.71        -2.53         -5.719    41.70   
4129  sz300887  300887    谱尼测试    71.82        -2.45         -3.299    71.81   
4130  sz300888  300888    稳健医疗   191.88        -0.68         -0.353   191.88   
4131  sz300889  300889    爱克股份    28.97        -1.75         -5.697    28.97   
4132  sz300890  300890     翔丰华    40.37        -0.81         -1.967    40.37   
4133  sz300891  300891    惠云钛业    15.56         0.35          2.301    15.56   
4134  sz300892  300892    品渥食品    56.16        -4.25         -7.035    56.15   
4135  sz300893  300893    松原股份    33.83        -2.17         -6.028    33.83   
4136  sz300894  300894     火星人    59.61        -3.39         -5.381    59.61   
4137  sz300895  300895    铜牛信息    39.21        -2.59         -6.196    39.20   
4138  sz300896  300896     爱美客   907.00         3.00          0.332   906.96   
4139  sz300897  300897    山科智能    35.72        -1.72         -4.594    35.71   
4140  sz300898  300898    熊猫乳品    40.11        -4.66        -10.409    40.10   
4141  sz300899  300899    上海凯鑫    37.10        -0.80         -2.111    37.10   
4142  sz300900  300900    广联航空    33.49        -1.53         -4.369    33.49   
4143  sz300901  300901    中胤时尚    16.11        -1.14         -6.609    16.10   
4144  sz300902  300902     国安达    25.88        -1.21         -4.467    25.88   
4145  sz300903  300903    科翔股份    32.85        -2.15         -6.143    32.84   
4146  sz300905  300905     宝丽迪    51.92        -1.60         -2.990    51.92   
4147  sz300906  300906     日月明    40.63        -1.04         -2.496    40.63   
4148  sz300907  300907    康平科技    30.50        -2.88         -8.628    30.46   
4149  sz300908  300908    仲景食品    69.89        -1.61         -2.252    69.88   
4150  sz300909  300909     汇创达    44.22        -4.78         -9.755    44.22   
4151  sz300910  300910    瑞丰新材    64.80         1.09          1.711    64.80   
4152  sz300911  300911    亿田智能    45.77        -3.58         -7.254    45.77   
4153  sz300912  300912    凯龙高科    39.59         1.18          3.072    39.59   
4154  sz300913  300913    兆龙互连    25.80        -1.40         -5.147    25.80   
4155  sz300915  300915    海融科技    72.90        -5.30         -6.777    72.90   
4156  sz300916  300916    朗特智能    92.63        -7.25         -7.259    92.63   
4157  sz300917  300917    特发服务    32.14        -1.76         -5.192    32.13   
4158  sz300918  300918    南山智尚    10.55        -0.80         -7.048    10.55   
4159  sz300919  300919    中伟股份    69.67        -0.60         -0.854    69.67   
4160  sz300920  300920    润阳科技    42.61        -3.29         -7.168    42.61   
4161  sz300921  300921    南凌科技    38.20        -2.40         -5.911    38.20   
4162  sz300922  300922    天秦装备    33.28        -2.57         -7.169    33.28   
4163  sz300923  300923    研奥股份    32.99        -0.70         -2.078    32.98   
4164  sz300925  300925    法本信息    38.74        -0.79         -1.998    38.74   
4165  sz300926  300926    博俊科技    20.19        -1.41         -6.528    20.18   
4166  sz300927  300927    江天化学    29.05        -0.68         -2.287    29.05   
4167  sz300928  300928    华安鑫创    43.93        -1.60         -3.514    43.93   
4168  sz300929  300929    华骐环保    29.58        -2.56         -7.965    29.58   
4169  sz300930  300930    屹通新材    23.95        -1.95         -7.529    23.93   
4170  sz300931  300931    通用电梯    11.79        -1.13         -8.746    11.79   
4171  sz300932  300932    三友联众    36.52        -0.98         -2.613    36.51   
4172  sz300933  300933    中辰股份    11.50         0.00          0.000    11.50   
4173  sz300935  300935     盈建科    92.70        -3.99         -4.127    92.70   
4174  sz300936  300936    中英科技    53.42         0.13          0.244    53.42   
4175  sz300937  300937     药易购    79.99        -1.69         -2.069    79.99   
4176  sz300938  300938    信测标准    48.91        -2.97         -5.725    48.91   
4177  sz300939  300939     秋田微    68.30        -7.27         -9.620    68.27   
4178  sz300940  300940    C南极光    72.10       -16.73        -18.834    72.10   
4179  sz300946  300946    N恒而达   141.60       112.15        380.815   141.59   
4180  sz300999  300999     金龙鱼   109.15        -4.55         -4.002   109.15   